AAACCTGAGGACAGCT
AAACCTGCATGTAAGA
AAACCTGGTGATAAAC
AAACGGGAGAACAATC
AAACGGGAGACAGAGA
AAACGGGAGCCTCGTG
AAACGGGAGTGTCCCG
AAACGGGCATGCGCAC
AAACGGGTCTAACTCT
AAAGATGCAAACTGCT
AAAGATGGTAGCGCAA
AAAGATGGTGAAATCA
AAAGCAACAAGTCATC
AAAGCAACATCCAACA
AAAGCAAGTAGCGATG
AAAGCAAGTTCAGGCC
AAAGTAGGTACTTCTT
AAAGTAGTCAGCTTAG
AAAGTAGTCATATCGG
AAATGCCAGACCGGAT
AAATGCCAGGTGCAAC
AAATGCCCACAGAGGT
AAATGCCTCGCTTGTC
AACACGTAGCAAATCA
AACACGTAGGCATGGT
AACCATGCACTTCGAA
AACCATGGTAGCGCAA
AACCATGTCTTGCATT
AACCGCGAGAGCTATA
AACCGCGCAGACACTT
AACCGCGGTCTAGGTT
AACGTTGAGAGCCTAG
AACGTTGGTGCTGTAT
AACTCAGCAAGACGTG
AACTCAGCAGATGGGT
AACTCAGTCAGGCGAA
AACTCAGTCCGTACAA
AACTCCCCATGAGCGA
AACTCTTCAGGTCGTC
AACTGGTTCGCATGAT
AACTTTCAGGCAGTCA
AACTTTCAGGGTATCG
AACTTTCCACCATGTA
AACTTTCGTAGCGTAG
AACTTTCGTCCTCTTG
AACTTTCTCTTAACCT
AAGACCTCACGACGAA
AAGACCTTCGTTTATC
AAGCCGCAGCCACCTG
AAGCCGCCATGTTGAC
AAGCCGCGTCTCCCTA
AAGCCGCTCTGAGGGA
AAGGAGCAGGACGAAA
AAGGAGCCATCTCCCA
AAGGCAGAGTTGAGTA
AAGGCAGCAGGTTTCA
AAGGCAGGTACTTGAC
AAGGCAGGTCAGAATA
AAGGCAGTCCTATTCA
AAGGTTCAGACTAGGC
AAGGTTCAGTAGCGGT
AAGGTTCGTGTTCGAT
AAGGTTCGTGTTGAGG
AAGTCTGAGGTGGGTT
AAGTCTGAGTTCGCAT
AAGTCTGTCTTAACCT
AATCCAGGTGCGGTAA
AATCCAGTCAGTACGT
AATCGGTAGTTCGCAT
AATCGGTGTTACGCGC
AATCGGTGTTTCGCTC
ACACCAAGTAAACCTC
ACACCAAGTATAGGTA
ACACCCTAGCGGCTTC
ACACCCTCAACGATGG
ACACCCTGTACTTGAC
ACACCCTGTTCCGTCT
ACACCGGAGGGCTCTC
ACACCGGCACCATGTA
ACACCGGCAGACAGGT
ACACTGACAAGCGCTC
ACACTGAGTAACGTTC
ACACTGATCTACCAGA
ACAGCCGGTCGTCTTC
ACAGCTAAGCATGGCA
ACAGCTAAGCTCCCAG
ACAGCTAAGTGGTCCC
ACAGCTACATTGAGCT
ACAGCTAGTCCTGCTT
ACAGCTAGTTAGATGA
ACATACGCACTGCCAG
ACATACGCAGATCCAT
ACATACGGTTTAAGCC
ACATCAGCATGTCTCC
ACATCAGTCACGAAGG
ACATCAGTCCGTCATC
ACATGGTCATCGATTG
ACATGGTGTGCTCTTC
ACCAGTAGTATCAGTC
ACCAGTATCCAGTAGT
ACCCACTAGACCTTTG
ACCCACTAGTGACTCT
ACCGTAAAGTTCGATC
ACCTTTATCATTCACT
ACGAGCCTCCTCATTA
ACGAGGAAGCCAGGAT
ACGAGGACATACGCCG
ACGAGGAGTCGGCTCA
ACGATACAGCTAAACA
ACGATACAGTAGTGCG
ACGATGTAGCAATATG
ACGATGTCATTGGGCC
ACGCAGCAGATCTGAA
ACGCAGCAGTTAGCGG
ACGCAGCCAACTGCTA
ACGCAGCCAATCCAAC
ACGCAGCCATGAGCGA
ACGCAGCCATGTAGTC
ACGCCAGCAAAGGTGC
ACGCCAGTCAGAGACG
ACGCCAGTCAGCACAT
ACGCCAGTCCACGTGG
ACGCCGAAGCGTAGTG
ACGCCGACAAGCCATT
ACGGAGACATCTGGTA
ACGGAGATCATGTGGT
ACGGGCTGTTAAGGGC
ACGGGCTTCAACGGCC
ACGGGCTTCTCCAACC
ACGGGTCAGCCCTAAT
ACGGGTCAGGGTGTGT
ACGGGTCCAGTAAGCG
ACGGGTCCATGCCTTC
ACGGGTCTCCGTAGTA
ACGTCAATCCTCGCAT
ACTATCTTCAGCGATT
ACTATCTTCCCACTTG
ACTGAACGTCAAAGAT
ACTGAACTCCAAACTG
ACTGATGAGGAGTTGC
ACTGATGCAAGGTTTC
ACTGATGCAGTAACGG
ACTGATGCATTGGCGC
ACTGATGGTAAGGGCT
ACTGATGGTGACGCCT
ACTGATGTCATGCTCC
ACTGATGTCGGCTACG
ACTGCTCAGCACCGCT
ACTGCTCCAGGAACGT
ACTGCTCGTCAGTGGA
ACTGCTCGTTTCCACC
ACTGTCCAGCTAGTTC
ACTGTCCAGGATTCGG
ACTGTCCCAGGGAGAG
ACTGTCCGTGTAATGA
ACTGTCCTCCCGGATG
ACTGTCCTCTTAGCCC
ACTTACTAGAAGGCCT
ACTTACTAGCTAGTGG
ACTTACTCAGGGAGAG
ACTTACTGTATATCCG
ACTTACTGTTGGAGGT
ACTTGTTAGGACACCA
ACTTGTTGTAATCGTC
ACTTTCAAGTCACGCC
ACTTTCACACCACGTG
ACTTTCATCATAACCG
ACTTTCATCCGCTGTT
AGAATAGAGCGGATCA
AGACGTTAGGAGTAGA
AGACGTTCAGCTGCAC
AGACGTTCAGGTGCCT
AGAGCGAAGAGTCTGG
AGAGCGAAGCACCGTC
AGAGCGACAAGCGCTC
AGAGCTTAGCGTAGTG
AGAGCTTAGTGTCCAT
AGAGCTTCATGGTAGG
AGAGTGGCATGTAGTC
AGAGTGGTCTCAACTT
AGATCTGTCCATTCTA
AGATTGCTCTGCCCTA
AGCAGCCAGAGACGAA
AGCAGCCCAAGGTTTC
AGCAGCCGTTGGAGGT
AGCATACTCAACCATG
AGCCTAAAGACTAGAT
AGCCTAAAGTGATCGG
AGCCTAAGTCAAACTC
AGCCTAAGTGGGTATG
AGCGGTCAGATGCCTT
AGCTCCTAGACGACGT
AGCTCCTCAAATTGCC
AGCTCCTCACAAGTAA
AGCTCCTGTCAGATAA
AGCTCTCTCGAGGTAG
AGCTTGAGTCGACTGC
AGCTTGATCACATAGC
AGCTTGATCAGCTCTC
AGGCCACCACAGCCCA
AGGCCACCAGCCAATT
AGGCCACGTAGAGCTG
AGGCCACGTTCCCGAG
AGGCCGTAGCGATATA
AGGCCGTAGGGTCTCC
AGGCCGTGTCACACGC
AGGCCGTGTTGAGGTG
AGGCCGTTCAGCTTAG
AGGCCGTTCTGTCAAG
AGGGAGTTCCACGACG
AGGGATGGTCCCTTGT
AGGGATGTCCGCAAGC
AGGGTGATCATTGCCC
AGGTCATAGGACATTA
AGGTCATCAGGCTGAA
AGGTCCGCACTATCTT
AGGTCCGTCCGCAAGC
AGGTCCGTCTGTCAAG
AGTAGTCGTGCATCTA
AGTAGTCTCATCACCC
AGTCTTTGTGAACCTT
AGTCTTTTCTCGTATT
AGTGAGGCAAGTAATG
AGTGAGGGTATATCCG
AGTGAGGTCTGTTTGT
AGTGGGAAGATGAGAG
AGTGGGAAGCCAGAAC
AGTGGGAAGTACGCGA
AGTGGGATCAGAGACG
AGTGTCAAGAGTACAT
AGTGTCAAGCTGTCTA
AGTGTCAAGGATATAC
AGTGTCAGTCCGAATT
AGTTGGTCAATCAGAA
AGTTGGTTCGCCTGTT
ATAACGCGTGGCGAAT
ATAAGAGGTCAATGTC
ATCACGAAGGACTGGT
ATCATCTCACATTAGC
ATCATCTTCGAATGGG
ATCATGGGTGCACTTA
ATCATGGGTGCAGGTA
ATCATGGTCTACCTGC
ATCCACCTCGAATGGG
ATCCGAAAGTATCGAA
ATCCGAACAGCCACCA
ATCCGAAGTAAGCACG
ATCCGAAGTCTAGCGC
ATCCGAAGTGTCCTCT
ATCTACTCATGACGGA
ATCTACTTCCACGTGG
ATCTGCCAGACAAAGG
ATCTGCCAGACACTAA
ATCTGCCAGCGATAGC
ATGAGGGAGAGCTGGT
ATGAGGGAGTAGGTGC
ATGAGGGTCAAGGCTT
ATGCGATGTCAGAGGT
ATGCGATTCCTATGTT
ATGGGAGGTCCGAAGA
ATGGGAGGTTCGGGCT
ATGTGTGGTTATCCGA
ATTACTCCAATTGCTG
ATTACTCGTAGCTAAA
ATTACTCGTGCTCTTC
ATTACTCGTTCATGGT
ATTATCCAGTGTACGG
ATTATCCCATGACGGA
ATTATCCGTCCCTACT
ATTATCCTCGTACGGC
ATTCTACAGAACTCGG
ATTCTACGTGCACCAC
ATTGGACCATTGAGCT
ATTGGTGAGGCAAAGA
ATTGGTGCACAGAGGT
ATTGGTGCACTTAAGC
ATTGGTGCAGTTCATG
ATTGGTGGTCTGCGGT
ATTGGTGTCACAACGT
ATTGGTGTCTCTGCTG
ATTTCTGAGCCCGAAA
ATTTCTGCAAAGAATC
CAACCAACAGTACACT
CAACCAACATTCGACA
CAACCAAGTCGCCATG
CAACCTCAGCGTGAGT
CAACCTCAGCTAACAA
CAACCTCAGTTAGCGG
CAACTAGAGAATCTCC
CAACTAGAGGTGTTAA
CAACTAGAGTTTCCTT
CAAGAAAAGACGCTTT
CAAGAAACAACTGGCC
CAAGAAACATACTCTT
CAAGAAAGTTAGAACA
CAAGAAATCAACACAC
CAAGAAATCCGAATGT
CAAGATCGTTGAGGTG
CAAGATCGTTTGTTGG
CAAGGCCAGCTCCTCT
CAAGGCCAGGCTCAGA
CAAGGCCCATCAGTAC
CAAGGCCTCCTGTAGA
CAAGTTGAGGCCGAAT
CAAGTTGGTCTTGCGG
CAAGTTGTCCGAACGC
CACAAACAGAGTGAGA
CACAAACAGCGATTCT
CACAAACCAACACCCG
CACAAACCACAGACAG
CACAAACGTGTAAGTA
CACAAACTCCGCGCAA
CACACAACACTTAACG
CACACCTCAGCTATTG
CACACCTGTTACGCGC
CACACTCAGGATGCGT
CACAGGCAGAAGGGTA
CACAGGCAGGTGCAAC
CACAGGCGTAGGAGTC
CACAGGCGTCACCCAG
CACAGGCGTTGCGTTA
CACAGGCTCGGCTACG
CACAGTAAGAACAATC
CACAGTAGTAACGTTC
CACATAGAGGCATTGG
CACATAGCACCTCGTT
CACATAGCATGTCTCC
CACATAGGTCAGATAA
CACATAGGTCCGTGAC
CACATTTAGCTAACAA
CACATTTAGGTAGCCA
CACATTTCACGAAACG
CACCACTCAGATGGGT
CACCAGGAGAGAGCTC
CACCAGGAGTCAAGCG
CACCAGGCACTCAGGC
CACCAGGCAGTTAACC
CACCAGGGTAAGGGAA
CACTCCAAGATCGATA
CACTCCACATCTATGG
CACTCCAGTCGCATCG
CAGAATCAGCTGCAAG
CAGAATCCACTTACGA
CAGAGAGAGTGGTCCC
CAGAGAGGTGGGTCAA
CAGAGAGTCGTACGGC
CAGATCAAGACAGGCT
CAGATCACAACGATCT
CAGATCATCAGAAATG
CAGCAGCAGCTCCTTC
CAGCAGCCAATGACCT
CAGCATACAACTGCGC
CAGCATAGTCTAACGT
CAGCCGAAGGTCGGAT
CAGCCGACATGTAGTC
CAGCTAAGTCCAGTAT
CAGCTAAGTTCTGGTA
CAGCTGGAGCTGCCCA
CAGCTGGCATGAAGTA
CAGCTGGCATGCATGT
CAGCTGGGTCATGCCG
CAGCTGGTCCGCGCAA
CAGGTGCGTCTTCAAG
CAGTAACAGGGCTCTC
CAGTAACTCTGCTGTC
CAGTCCTAGATCGATA
CAGTCCTCACTTGGAT
CAGTCCTCATCGGAAG
CATATGGAGTGGTAGC
CATATGGCACACCGAC
CATATGGGTAAGTGTA
CATATTCCAAGCTGAG
CATCAAGCAGACGCAA
CATCAAGGTCAACATC
CATCAGACAAAGGAAG
CATCGAACAAACAACA
CATCGAAGTGTCAATC
CATCGAATCACGCATA
CATGACAGTAAGGATT
CATGACAGTCACCTAA
CATGACATCACCGTAA
CATGCCTCACTCAGGC
CATGCCTCATCCAACA
CATGCCTGTGATGCCC
CATGGCGCACATGGGA
CATTATCAGAACTGTA
CATTATCAGTGAAGAG
CATTATCCACCCTATC
CATTATCGTACCAGTT
CATTCGCAGGAACTGC
CATTCGCGTCTAGTCA
CCAATCCGTCGCGGTT
CCAATCCTCACTTCAT
CCACCTACACTAAGTC
CCACCTATCGCTAGCG
CCACTACAGTGTTAGA
CCACTACGTAAGGGCT
CCACTACGTCAAAGAT
CCACTACGTCCAACTA
CCACTACGTGCTGTAT
CCACTACTCCTATGTT
CCAGCGACACATAACC
CCAGCGATCAAACAAG
CCAGCGATCACAATGC
CCATGTCAGCGCTTAT
CCATGTCGTCCGAGTC
CCATGTCGTTGTGGCC
CCATGTCTCACAAACC
CCATTCGAGAATCTCC
CCATTCGTCGCTTGTC
CCATTCGTCTGAGGGA
CCCAATCCATGTTCCC
CCCAATCGTAGCAAAT
CCCAGTTCAAGCGCTC
CCCAGTTCATTGCGGC
CCCAGTTTCTCCAGGG
CCCATACAGAATTGTG
CCCATACGTCGGCACT
CCCTCCTAGCTACCTA
CCCTCCTAGTCCCACG
CCCTCCTGTAAGTGTA
CCCTCCTGTTTGGGCC
CCGGGATAGGTGTGGT
CCGGGATGTACAGACG
CCGGGATTCGGTTAAC
CCGGGATTCTACCAGA
CCGGTAGAGGATGGAA
CCGGTAGGTACTTGAC
CCGGTAGTCCGGGTGT
CCGTACTAGCGTTGCC
CCGTACTAGGCACATG
CCGTACTCACGACTCG
CCGTACTGTGACTCAT
CCGTTCAAGACTAAGT
CCGTTCACACGAAGCA
CCGTTCAGTAAAGGAG
CCGTTCATCGTTTATC
CCTAAAGAGGAGTCTG
CCTAAAGGTACATCCA
CCTAAAGTCGTCACGG
CCTACACCATTCGACA
CCTACACGTACACCGC
CCTACACGTTACGGAG
CCTACACGTTGTCGCG
CCTCAGTCACAAGTAA
CCTCAGTCACCCATGG
CCTCAGTCACGAAACG
CCTCAGTTCAGGCGAA
CCTCTGAAGCACGCCT
CCTCTGAAGCTCCTTC
CCTCTGAAGGACTGGT
CCTCTGAAGGAGTACC
CCTCTGACACCGAATT
CCTCTGAGTTACGACT
CCTTACGCAAAGCAAT
CCTTACGCAGATTGCT
CCTTACGGTAAATACG
CCTTACGGTGTCCTCT
CCTTACGTCTGAAAGA
CCTTCCCCAAGAGTCG
CCTTCGACAACACGCC
CCTTCGATCCTGTACC
CCTTTCTAGTGAACAT
CCTTTCTCACAGGCCT
CCTTTCTTCATAAAGG
CGAACATCATGGGACA
CGAACATGTATAAACG
CGAACATTCGTACCGG
CGAATGTAGGTGACCA
CGAATGTAGTACCGGA
CGAATGTCATCTATGG
CGAATGTGTTGGTAAA
CGACCTTAGACAAAGG
CGACCTTCAACTGCGC
CGACCTTGTTCCCGAG
CGACCTTTCATTGCCC
CGACCTTTCCAATGGT
CGACCTTTCTCTAGGA
CGACTTCAGTGTCCAT
CGAGAAGGTCTACCTC
CGAGCACAGTGTACCT
CGAGCACGTCTAAACC
CGAGCACGTTGGTGGA
CGAGCCAAGGACACCA
CGAGCCAGTATGAAAC
CGAGCCAGTCCGTGAC
CGATCGGAGAAACCAT
CGATCGGCATTGGTAC
CGATCGGTCACGAAGG
CGATCGGTCCCATTAT
CGATCGGTCTCCGGTT
CGATGGCTCTTAACCT
CGATGTAGTACAGCAG
CGATGTAGTGGAAAGA
CGATGTAGTGGTTTCA
CGATGTATCCAAAGTC
CGATGTATCCTTCAAT
CGATTGACAGTCAGAG
CGATTGACATGTTGAC
CGCCAAGAGATGTCGG
CGCCAAGAGATGTGTA
CGCCAAGGTGGAAAGA
CGCCAAGGTGTTGAGG
CGCGGTACACTGTTAG
CGCGTTTTCAATCTCT
CGCGTTTTCGTCCAGG
CGCGTTTTCTTAGAGC
CGCGTTTTCTTCGGTC
CGCTATCAGACCCACC
CGCTGGACAAAGGAAG
CGCTGGAGTCTAAACC
CGCTGGAGTGCACTTA
CGCTGGATCATGTGGT
CGCTTCAGTATATCCG
CGGACACGTCCGCTGA
CGGACGTAGCTAAGAT
CGGACGTGTGTGTGCC
CGGACTGCAGACTCGC
CGGACTGTCGAGGTAG
CGGAGCTGTTACCAGT
CGGAGCTTCTGAGTGT
CGGAGCTTCTGTGCAA
CGGAGTCAGACTAGGC
CGGAGTCAGTCCAGGA
CGGAGTCCAGTCACTA
CGGAGTCGTCGGCATC
CGGCTAGTCCAGGGCT
CGGGTCAAGCGAGAAA
CGGGTCAAGTTACCCA
CGGGTCAGTCGCGTGT
CGGTTAAAGCATCATC
CGGTTAACACAACGCC
CGGTTAACAGGTCCAC
CGGTTAATCTAACTTC
CGTAGCGAGCGTCAAG
CGTAGCGAGGATGGTC
CGTAGCGCAGACTCGC
CGTAGGCAGCGACGTA
CGTAGGCGTAATAGCA
CGTCACTCAAAGGCGT
CGTCACTGTCGAGATG
CGTCACTTCGTACGGC
CGTCAGGGTTGTACAC
CGTCTACGTAATAGCA
CGTGAGCAGGGTTCCC
CGTGAGCAGTGTTAGA
CGTGAGCCAAGAGTCG
CGTGAGCGTGTATGGG
CGTGTAAAGGACAGCT
CGTGTAAGTTTGACAC
CGTGTCTGTGTTTGTG
CGTTAGACACAGGCCT
CGTTAGACATTATCTC
CGTTAGAGTGTTAAGA
CGTTGGGAGACAAGCC
CGTTGGGAGACCTAGG
CGTTGGGAGCAGGCTA
CGTTGGGAGTAGATGT
CGTTGGGCAATAAGCA
CGTTGGGTCTGCAAGT
CTAACTTCACCGAATT
CTAACTTCACGAAATA
CTAACTTGTAAAGTCA
CTAACTTGTGGTTTCA
CTAAGACAGTAGCGGT
CTACACCAGCTGATAA
CTACACCCAAGTACCT
CTACACCCAATAACGA
CTACACCCACGAAACG
CTACACCGTGTCAATC
CTACATTCACATCCAA
CTACCCAAGGGAACGG
CTACCCACACAGCCCA
CTACCCACACAGGTTT
CTACCCACAGTAAGAT
CTACGTCAGCAACGGT
CTACGTCAGCGGATCA
CTACGTCTCTTGACGA
CTAGCCTAGAGTACAT
CTAGCCTAGAGTTGGC
CTAGCCTGTCACCCAG
CTAGCCTGTCAGCTAT
CTAGTGATCTGTCTAT
CTCACACAGCAAATCA
CTCACACAGGACACCA
CTCACACCATAGACTC
CTCACACGTAGGGTAC
CTCAGAAAGATCCTGT
CTCAGAACAAACGTGG
CTCAGAAGTTGGAGGT
CTCAGAATCAACACCA
CTCATTACACTAGTAC
CTCATTACATGCTAGT
CTCATTAGTCCGACGT
CTCCTAGGTAAGTGTA
CTCGAAATCGTGGGAA
CTCGAAATCTTGTTTG
CTCGAGGAGGAATTAC
CTCGAGGCAAGCCGTC
CTCGAGGTCGTGGTCG
CTCGGAGAGCCCAACC
CTCGGAGCAAGAGTCG
CTCGGAGCATCCCATC
CTCGGGAGTGAGGGAG
CTCGGGATCGGCCGAT
CTCGTACAGTATTGGA
CTCGTACTCCGTAGTA
CTCGTACTCTGGTTCC
CTCGTCAGTAGAAGGA
CTCTAATTCGTTACAG
CTCTACGAGAAGGTTT
CTCTACGAGGGTGTGT
CTCTACGCAGGTTTCA
CTCTACGGTTCGTCTC
CTCTACGTCGTGGGAA
CTCTACGTCTGCTGCT
CTCTGGTCACATCTTT
CTCTGGTGTATCTGCA
CTGAAACCATACGCCG
CTGAAACCATGACGGA
CTGAAACGTACCATCA
CTGAAGTCATACCATG
CTGAAGTGTCTTGTCC
CTGAAGTTCGTTACAG
CTGATAGAGCGTGAGT
CTGATAGAGGCCATAG
CTGATAGAGTTCGCAT
CTGATAGGTTTAGGAA
CTGATAGTCTTGTTTG
CTGATCCAGTCATCCA
CTGATCCGTCCAGTAT
CTGATCCTCGTCTGCT
CTGATCCTCTCCAGGG
CTGCCTAAGCACCGCT
CTGCCTACATTAGGCT
CTGCGGACATTAGGCT
CTGGTCTAGAGAACAG
CTGGTCTAGCTAGCCC
CTGGTCTAGTGTACTC
CTGGTCTTCTAAGCCA
CTGTGCTAGGATCGCA
CTGTGCTGTCTAACGT
CTGTGCTGTTTGGGCC
CTGTTTAGTGGCAAAC
CTTAACTAGAGTCGGT
CTTAACTGTCTGGTCG
CTTAACTTCGGATGGA
CTTACCGAGATGCGAC
CTTACCGCAGATAATG
CTTACCGTCAGAAATG
CTTACCGTCGTTGCCT
CTTAGGAGTCCAAGTT
CTTAGGAGTTGGTAAA
CTTAGGATCACCGTAA
CTTCTCTAGGGATGGG
CTTCTCTGTCTCATCC
CTTCTCTTCACCGGGT
CTTCTCTTCGCCGTGA
CTTGGCTCAATAGCAA
CTTGGCTCACTATCTT
CTTGGCTGTCGGATCC
CTTGGCTGTTCACGGC
CTTTGCGCATCGGACC
CTTTGCGTCCACGACG
GAAACTCAGTTTGCGT
GAAACTCGTTCATGGT
GAAATGAAGCTAACTC
GAAATGAGTAAAGGAG
GAAATGATCTAGAGTC
GAACATCTCATCTGCC
GAACCTACAATGGACG
GAACGGAAGATATGGT
GAACGGAAGGCCATAG
GAACGGACAAGCCGTC
GAACGGACAGGTCCAC
GAAGCAGGTGTTGAGG
GAAGCAGTCGGCTTGG
GAATAAGAGATGGCGT
GAATAAGCATGGATGG
GAATGAACATAACCTG
GAATGAACATAGACTC
GAATGAATCACTCTTA
GAATGAATCGCGTTTC
GACACGCCAAGCGATG
GACACGCTCAGTACGT
GACACGCTCTCGCTTG
GACAGAGAGCGATTCT
GACAGAGGTAGAAAGG
GACAGAGTCAGATAAG
GACCAATCATGGGAAC
GACCTGGAGCTAGCCC
GACCTGGCACTTGGAT
GACGCGTAGTAGTGCG
GACGGCTAGGCTCATT
GACGGCTCAAACCCAT
GACGGCTCAGTTCATG
GACGGCTTCAGTTGAC
GACGGCTTCGAGAGCA
GACGTGCAGCGAGAAA
GACGTTACAAAGCGGT
GACGTTAGTTTCGCTC
GACGTTATCAACGGGA
GACTAACAGCCCTAAT
GACTAACCAAGAGGCT
GACTACACAGGAATCG
GACTACACAGGGTACA
GACTACAGTAATAGCA
GACTGCGCATCCCATC
GACTGCGTCACTTACT
GAGCAGAAGATGTGGC
GAGCAGAAGGTAGCCA
GAGCAGACAGCTTCGG
GAGCAGACATGAAGTA
GAGCAGAGTTAGAACA
GAGGTGATCCAACCAA
GAGGTGATCGGAGGTA
GAGTCCGAGACAATAC
GAGTCCGCAATCACAC
GAGTCCGGTCCAGTGC
GAGTCCGGTCGGGTCT
GATCAGTGTCACAAGG
GATCAGTGTCTGATTG
GATCAGTTCGTGACAT
GATCGATTCCGCGCAA
GATCGATTCGGCATCG
GATCGCGGTGCCTGGT
GATCGTAAGAACAATC
GATGAAACACTAAGTC
GATGAAAGTTCCCGAG
GATGAAAGTTGGAGGT
GATGCTAAGCGCCTTG
GATTCAGCACTTAAGC
GATTCAGTCCTCTAGC
GCAAACTCAATAGAGT
GCAATCACATTGAGCT
GCAATCATCTGTCCGT
GCACATAGTTGTCGCG
GCACATATCGGCGGTT
GCAGCCAAGAGCCTAG
GCAGTTACAGGACCCT
GCAGTTAGTATGCTTG
GCAGTTAGTGTCTGAT
GCAGTTATCATAAAGG
GCATACAAGACAATAC
GCATACAGTGCTTCTC
GCATGATGTCATACTG
GCATGATTCACTTCAT
GCATGCGCAGGAATGC
GCATGTAAGAGCCTAG
GCATGTACAGACAAAT
GCATGTACATCCGTGG
GCATGTAGTATGAAAC
GCATGTATCACGAAGG
GCCAAATAGATCTGCT
GCCAAATCAGGGATTG
GCCAAATGTGGCGAAT
GCCAAATTCAAAGACA
GCCAAATTCGGAGGTA
GCCAAATTCTGCGACG
GCCTCTAAGTCACGCC
GCCTCTAGTTTAAGCC
GCGAGAACACAGACAG
GCGAGAACACGGATAG
GCGAGAAGTAAAGGAG
GCGAGAATCCTCGCAT
GCGCAACAGTCATGCT
GCGCAACCAGATGGGT
GCGCAACGTTCACCTC
GCGCAACGTTGGTAAA
GCGCAACTCGACCAGC
GCGCAGTAGCGGCTTC
GCGCAGTCATCACGTA
GCGCAGTTCCACTGGG
GCGCGATGTGCGCTTG
GCGCGATTCAGCTCTC
GCGGGTTAGTGGGATC
GCGGGTTTCTAGCACA
GCTCCTACAGATGGGT
GCTCCTACATGTAGTC
GCTCTGTAGTACGACG
GCTCTGTCATGCAATC
GCTCTGTTCACAATGC
GCTGCAGAGATGTTAG
GCTGCGACAGTCTTCC
GCTGCTTAGCCCGAAA
GCTGCTTCATATACGC
GCTGCTTGTGTTTGGT
GCTGCTTTCAGGCAAG
GCTGCTTTCCACGTTC
GCTGGGTAGGAATGGA
GCTGGGTCAAAGGAAG
GCTTCCAAGTGTGAAT
GCTTCCATCTAACTTC
GCTTGAAAGAGACTAT
GGAAAGCAGGAACTGC
GGAAAGCAGGAATTAC
GGAAAGCAGGTAGCCA
GGAAAGCAGTTAACGA
GGAAAGCCAGATGAGC
GGAAAGCCAGGTTTCA
GGAACTTGTCGGCTCA
GGAACTTTCCTCAATT
GGAATAAAGAGCTGGT
GGAATAACACCCTATC
GGAATAACAGTAAGCG
GGAATAAGTAACGTTC
GGAATAATCAGTACGT
GGACAAGGTCAGAGGT
GGACAGATCTAAGCCA
GGACATTCAGATTGCT
GGACATTTCCTTGCCA
GGAGCAAGTCCGAGTC
GGATGTTTCCGTAGGC
GGATGTTTCGTATCAG
GGATTACAGAGCTTCT
GGATTACAGCAGGTCA
GGATTACCAAGAAGAG
GGATTACGTACCAGTT
GGCAATTAGAGTCGGT
GGCAATTAGGACTGGT
GGCAATTAGGTAAACT
GGCAATTTCCAAAGTC
GGCAATTTCCTCTAGC
GGCCGATGTAGTACCT
GGCCGATGTCGCATCG
GGCCGATTCAAACCAC
GGCGACTCAAAGTCAA
GGCGACTGTCCAGTAT
GGCGACTGTGGTCTCG
GGCGTGTCAGTAACGG
GGCTCGACAGGTCCAC
GGCTCGATCCTCGCAT
GGCTGGTAGCTCAACT
GGCTGGTCATATGCTG
GGCTGGTGTATGCTTG
GGCTGGTTCGACGGAA
GGCTGGTTCTTAACCT
GGGAATGCACATTAGC
GGGAATGTCTCAAACG
GGGACCTCAATGTAAG
GGGACCTCATATGGTC
GGGACCTGTGAGGGTT
GGGACCTGTTCACGGC
GGGACCTTCACGCATA
GGGAGATAGTACCGGA
GGGAGATCAGTGAGTG
GGGAGATGTGTGACCC
GGGATGACACAGACTT
GGGATGAGTTTGTTTC
GGGCACTCATCACGAT
GGGCACTTCAGTTGAC
GGGCATCAGCTAGTCT
GGGTCTGAGGCAGTCA
GGGTCTGGTATGGTTC
GGGTCTGTCTGCAAGT
GGGTTGCTCATTATCC
GGTATTGGTCTTCAAG
GGTATTGTCTGTACGA
GGTGCGTCACTGTCGG
GGTGCGTTCTCCGGTT
GGTGTTAAGATCCCAT
GGTGTTACAGATCCAT
GTAACGTAGAAGGGTA
GTAACGTAGACACGAC
GTAACGTAGTGCGATG
GTAACGTGTCTGCGGT
GTAACGTGTTTGACTG
GTAACGTTCGTAGATC
GTAACTGCATGGGAAC
GTAACTGGTACCTACA
GTAACTGGTTGTTTGG
GTACGTAAGGGTATCG
GTACGTATCCGATATG
GTACGTATCGTCCGTT
GTACTCCCAACGATGG
GTACTCCCAGGCAGTA
GTACTTTAGACCGGAT
GTACTTTCAAGCTGTT
GTACTTTCATCACGAT
GTACTTTTCGGTCCGA
GTAGGCCAGAATCTCC
GTAGGCCGTACTCTCC
GTAGTCAAGGGTCTCC
GTATTCTAGATGTTAG
GTCAAGTAGCCCAATT
GTCAAGTCAACGCACC
GTCAAGTCACATTCGA
GTCAAGTCAGCTTCGG
GTCAAGTCATTACGAC
GTCAAGTGTCTAAACC
GTCAAGTGTTACGTCA
GTCAAGTTCTCTGTCG
GTCACAAAGGTTCCTA
GTCACGGAGAATCTCC
GTCACGGCAGTATAAG
GTCACGGGTCGTCTTC
GTCATTTAGTTACCCA
GTCATTTCAAACTGCT
GTCATTTCACGTCAGC
GTCCTCAAGTGTTGAA
GTCGGGTAGATATGGT
GTCGGGTCAGCATACT
GTCTCGTAGGTGATAT
GTCTCGTAGTGGGTTG
GTCTTCGAGTCTCCTC
GTCTTCGTCAAACGGG
GTGAAGGAGACTGTAA
GTGAAGGAGTACACCT
GTGAAGGAGTTAGGTA
GTGCAGCGTAAATACG
GTGCAGCGTAAGTGTA
GTGCAGCTCGTCCGTT
GTGCAGCTCTGATTCT
GTGCATACATATACGC
GTGCGGTAGGGAAACA
GTGCTTCAGGGTTTCT
GTGCTTCAGGTCATCT
GTGTGCGAGTGCCATT
GTGTGCGAGTTACCCA
GTTAAGCGTCTCTCGT
GTTAAGCTCAGCCTAA
GTTAAGCTCGGTCTAA
GTTACAGCAACCGCCA
GTTACAGCACCTATCC
GTTACAGCATGAACCT
GTTCATTAGACACTAA
GTTCATTAGGATCGCA
GTTCATTAGGGCTTGA
GTTCATTCAAAGCGGT
GTTCATTTCTAACTCT
GTTCTCGAGACAAGCC
GTTTCTACAAGTCTGT
GTTTCTAGTTCTGGTA
TAAACCGCATGGTTGT
TAAGAGAAGACAATAC
TAAGAGAAGAGATGAG
TAAGAGAAGATCTGCT
TAAGAGACAAAGGAAG
TAAGCGTCACCACCAG
TAAGCGTCATCGTCGG
TAAGCGTTCTTGTTTG
TAAGTGCCATTGCGGC
TAAGTGCGTGACAAAT
TAAGTGCTCTCCAACC
TACACGAAGAGTACAT
TACACGACAGACAAAT
TACACGACAGCCAGAA
TACACGAGTACGACCC
TACACGAGTCCAGTGC
TACAGTGGTTCGTCTC
TACCTATCACGACGAA
TACCTATCATGTTGAC
TACCTATGTGCAGGTA
TACCTTAAGCGTTCCG
TACCTTATCGAGGTAG
TACGGATAGGATGCGT
TACGGATAGGGTGTTG
TACGGATCACAGACTT
TACGGATCAGTGGGAT
TACGGATGTCATACTG
TACGGATGTTGTGGCC
TACGGATTCCTAAGTG
TACGGATTCTGACCTC
TACGGGCCACCATCCT
TACGGGCTCCCGGATG
TACGGTAAGATGTCGG
TACGGTAAGGTACTCT
TACTCATAGCCTCGTG
TACTCATCAGTGAGTG
TACTCATGTCTCTCTG
TACTCGCTCAACGAAA
TACTTACAGTGGAGTC
TACTTACCATCAGTAC
TACTTACGTAGAAAGG
TACTTACGTGAACCTT
TACTTACTCGCGCCAA
TACTTACTCTCGCATC
TACTTGTAGGCAGTCA
TACTTGTCACGCATCG
TACTTGTGTGGCAAAC
TAGACCAAGCAGATCG
TAGACCAGTAGCACGA
TAGACCATCCCTTGTG
TAGAGCTCACCACGTG
TAGAGCTGTGACAAAT
TAGAGCTGTTGGAGGT
TAGCCGGAGGCCCGTT
TAGCCGGAGTGGGTTG
TAGCCGGTCGGTCCGA
TAGGCATAGACACTAA
TAGGCATAGGCTCATT
TAGGCATTCGGCCGAT
TAGTGGTAGGCCGAAT
TAGTGGTCAAAGCAAT
TAGTGGTCAAGTCTGT
TAGTGGTCATTTGCTT
TAGTGGTGTGAGTATA
TAGTTGGCAAACGCGA
TAGTTGGCAAGTAATG
TAGTTGGGTCTGATTG
TAGTTGGTCCGCTGTT
TAGTTGGTCTTACCGC
TATCAGGGTTCGGGCT
TATCAGGGTTCTGGTA
TATCAGGTCCGGGTGT
TATCTCAAGCACCGTC
TATCTCAGTCCGAACC
TATGCCCAGGTGACCA
TATGCCCCACTACAGT
TATGCCCTCTCGATGA
TATTACCGTAGCGCTC
TATTACCTCCAAGTAC
TCAACGAAGGCTCATT
TCAACGAGTAGGGACT
TCAACGAGTCCGTGAC
TCAACGATCTCGTATT
TCAATCTGTCTTGCGG
TCACAAGCAAGCCTAT
TCACAAGCACCACCAG
TCACAAGGTTTAGGAA
TCACAAGTCACCAGGC
TCACAAGTCATCTGCC
TCAGATGAGATGTTAG
TCAGATGCAAGTCTGT
TCAGCAAAGGAATTAC
TCAGCTCCATACTACG
TCAGCTCCATAGACTC
TCAGCTCGTCCAGTTA
TCAGGTACAAATACAG
TCAGGTATCTATCCCG
TCATTACCAGACGCAA
TCATTACCAGTCGTGC
TCATTACCATGTCCTC
TCATTTGAGCGATAGC
TCCACACAGAGCTTCT
TCCACACAGTGTCCAT
TCCACACGTCGCATCG
TCCCGATTCTAGCACA
TCGCGAGAGAAGGTGA
TCGCGAGAGATGCCAG
TCGCGAGAGTCTTGCA
TCGCGAGAGTGGGCTA
TCGCGAGCATCTGGTA
TCGCGAGGTGTGCGTC
TCGGGACAGAAGAAGC
TCGGGACCAAGGACAC
TCGGGACCAGCTGTAT
TCGGTAAAGGACAGAA
TCGGTAATCCGCATAA
TCGTACCAGACAGACC
TCGTACCAGCCCAGCT
TCGTACCCACGTAAGG
TCGTACCCACTTCTGC
TCGTACCGTCACTGGC
TCGTAGAAGAGTGACC
TCGTAGAAGTCGATAA
TCGTAGAAGTGACATA
TCGTAGAGTGCTAGCC
TCGTAGATCCGGCACA
TCTCATAAGGCATGTG
TCTCATACAATGAAAC
TCTCTAAAGAACAACT
TCTCTAAAGCACCGCT
TCTCTAACAAAGTCAA
TCTCTAAGTCAATGTC
TCTCTAAGTCGCTTTC
TCTCTAATCACTTACT
TCTCTAATCCATTCTA
TCTCTAATCTGCTGTC
TCTGAGAAGTTGTCGT
TCTGAGACAGCTGCAC
TCTGAGACAGTATCTG
TCTGAGACATCACGTA
TCTGAGACATCTATGG
TCTGAGAGTTCTCATT
TCTGAGATCCGTTGCT
TCTGGAACAATAGCGG
TCTGGAAGTGAAAGAG
TCTGGAATCACTTATC
TCTTCGGAGACTAAGT
TCTTCGGCAGCGAACA
TCTTCGGTCCGAAGAG
TCTTTCCCATCTCGCT
TCTTTCCTCGAACGGA
TGAAAGATCGCCTGTT
TGAAAGATCTTAGCCC
TGACAACCACATAACC
TGACAACGTTATGTGC
TGACAACGTTGATTGC
TGACAACTCACGCATA
TGACTAGAGCGAGAAA
TGACTAGCACCGCTAG
TGACTAGCATGAGCGA
TGACTTTGTAAAGTCA
TGACTTTGTACAGACG
TGACTTTGTGCATCTA
TGACTTTTCACAATGC
TGAGAGGCAAATTGCC
TGAGAGGGTGGCAAAC
TGAGAGGTCGGATGGA
TGAGCATAGAAACGCC
TGAGCATCACCAGTTA
TGAGCATCATCGATGT
TGAGCCGAGAGATGAG
TGAGCCGAGATGTAAC
TGAGCCGTCGGAGGTA
TGAGGGAAGTAACCCT
TGAGGGACACGAAGCA
TGAGGGAGTAGGCATG
TGATTTCCACGCTTTC
TGATTTCTCAACGGCC
TGATTTCTCTAGCACA
TGCACCTCAAACGCGA
TGCACCTTCCCTGACT
TGCACCTTCTCCAACC
TGCCAAATCTTGCATT
TGCCCATAGCTGCGAA
TGCCCATCAAAGGCGT
TGCCCATTCGAACGGA
TGCCCATTCGTCGTTC
TGCCCTAAGCTTCGCG
TGCGCAGTCTTAGCCC
TGCGGGTAGAAACCGC
TGCGGGTCAGACGTAG
TGCGGGTCATTTCAGG
TGCGGGTGTGCAGTAG
TGCGTGGGTAGCTCCG
TGCGTGGTCCGAATGT
TGCTACCAGAGCCTAG
TGCTACCCAATCTGCA
TGCTACCCACAACTGT
TGCTACCTCACGCATA
TGCTACCTCCTTGCCA
TGCTACCTCTCCGGTT
TGCTGCTCAGATGGGT
TGGACGCAGCAGCGTA
TGGACGCTCAACGCTA
TGGACGCTCCATTCTA
TGGCCAGGTAACGCGA
TGGCGCAAGCTAAGAT
TGGCGCAGTGCGAAAC
TGGCGCAGTGGTGTAG
TGGCTGGGTATCAGTC
TGGCTGGGTCCGAAGA
TGGCTGGTCCCACTTG
TGGGAAGGTGGGTCAA
TGGGAAGGTGTGCCTG
TGGGCGTGTAAAGGAG
TGGTTAGTCAGCGACC
TGGTTAGTCCACTGGG
TGTATTCGTAAGGATT
TGTCCCACACGTGAGA
TGTCCCACATTTGCTT
TGTGGTAGTGGTCCGT
TGTGGTATCAGATAAG
TGTGGTATCCCTCAGT
TGTGGTATCTACCTGC
TGTTCCGGTTAAAGAC
TGTTCCGTCACGCATA
TTAACTCCAAGCGCTC
TTAGGACGTCTAAACC
TTAGGACTCCAAATGC
TTAGGCAAGATGTCGG
TTAGGCAGTTCGGGCT
TTAGGCATCAGCAACT
TTAGGCATCATGCATG
TTAGGCATCGCTAGCG
TTAGTTCAGCTAGCCC
TTAGTTCAGGCAAAGA
TTAGTTCCAAGAGGCT
TTAGTTCCAGTAACGG
TTAGTTCGTTATGCGT
TTAGTTCTCGGTTAAC
TTAGTTCTCTTTAGTC
TTATGCTAGGATCGCA
TTATGCTCAATGAATG
TTCCCAGCATGACATC
TTCGAAGGTCTAAACC
TTCGGTCCACGGCTAC
TTCTACACATGGATGG
TTCTACAGTCGATTGT
TTCTACAGTCGTCTTC
TTCTACAGTGCTAGCC
TTCTCAAAGGATGGTC
TTCTCAACACATCCAA
TTCTCAATCGGCTTGG
TTCTCCTCATATACGC
TTCTTAGCAGATGAGC
TTCTTAGTCAGTTGAC
TTGAACGAGCGCTTAT
TTGAACGCATATACCG
TTGAACGCATCAGTCA
TTGAACGGTCTCATCC
TTGAACGTCACCGTAA
TTGACTTCAATAACGA
TTGACTTGTGTGTGCC
TTGACTTTCCATGAGT
TTGCCGTAGTACCGGA
TTGCCGTCACTGTCGG
TTGCCGTTCACCTCGT
TTGCCGTTCCCAGGTG
TTGCCGTTCGCTTAGA
TTGCGTCAGAGGACGG
TTGCGTCTCCGCTGTT
TTGGAACGTTAAAGTG
TTGGAACTCTCCAACC
TTGTAGGAGATGGGTC
TTGTAGGCAGCTTCGG
TTGTAGGGTCTAGAGG
TTGTAGGGTGGTCTCG
TTTACTGAGACTGTAA
TTTACTGAGACTTGAA
TTTACTGCATCTATGG
TTTACTGGTAAATACG
TTTACTGGTAGCACGA
TTTACTGTCTGACCTC
TTTATGCCATGGGAAC
TTTATGCTCACCCGAG
TTTATGCTCCCTTGTG
TTTATGCTCTCTGCTG
TTTGCGCCAGTGACAG
TTTGCGCCATCGGTTA
TTTGGTTAGAAGGACA
TTTGGTTTCGTACCGG
TTTGTCAAGCGATCCC
TTTGTCAGTGATGATA
