name: optitype
channels:
  - conda-forge
  - bioconda
  - defaults
dependencies:
  - _libgcc_mutex=0.1=conda_forge
  - _openmp_mutex=4.5=1_gnu
  - backports=1.0=py_2
  - backports.functools_lru_cache=1.6.1=py_0
  - backports_abc=0.5=py_1
  - blosc=1.21.0=h9c3ff4c_0
  - bzip2=1.0.8=h7f98852_4
  - c-ares=1.11.0=h470a237_1
  - ca-certificates=2020.12.5=ha878542_0
  - certifi=2019.11.28=py27h8c360ce_1
  - curl=7.71.1=he644dc0_8
  - cycler=0.10.0=py_2
  - freetype=2.10.4=h0708190_1
  - funcsigs=1.0.2=py_3
  - functools32=3.2.3.2=py_3
  - future=0.18.2=py27h8c360ce_1
  - futures=3.3.0=py27h8c360ce_1
  - glpk=4.57=0
  - hdf5=1.10.5=nompi_h5b725eb_1114
  - icu=64.2=he1b5a44_1
  - kiwisolver=1.1.0=py27h9e3301b_1
  - krb5=1.17.2=h926e7f8_0
  - ld_impl_linux-64=2.35.1=hea4e1c9_1
  - libblas=3.9.0=7_openblas
  - libcblas=3.9.0=7_openblas
  - libcurl=7.71.1=hcdd3856_8
  - libdeflate=1.0=h14c3975_1
  - libedit=3.1.20191231=he28a2e2_2
  - libev=4.33=h516909a_1
  - libffi=3.2.1=he1b5a44_1007
  - libgcc=7.2.0=h69d50b8_2
  - libgcc-ng=9.3.0=h2828fa1_18
  - libgfortran-ng=9.3.0=hff62375_18
  - libgfortran5=9.3.0=hff62375_18
  - libgomp=9.3.0=h2828fa1_18
  - liblapack=3.9.0=7_openblas
  - libnghttp2=1.41.0=hab1572f_1
  - libopenblas=0.3.12=pthreads_h4812303_1
  - libpng=1.6.37=h21135ba_2
  - libssh2=1.9.0=hab1572f_5
  - libstdcxx-ng=9.3.0=h6de172a_18
  - lzo=2.10=h516909a_1000
  - matplotlib-base=2.2.5=py27h250f245_1
  - mock=3.0.5=py27h8c360ce_1
  - ncurses=6.2=h58526e2_4
  - nose=1.3.7=py27h8c360ce_1004
  - numexpr=2.7.1=py27hb3f55d8_0
  - numpy=1.16.5=py27h95a1406_0
  - openssl=1.1.1i=h7f98852_0
  - optitype=1.3.5=0
  - pandas=0.24.2=py27hb3f55d8_0
  - pip=20.1.1=pyh9f0ad1d_0
  - ply=3.11=py_1
  - pyomo=4.1.10527=py27_1
  - pyparsing=2.4.7=pyh9f0ad1d_0
  - pysam=0.15.3=py27hda2845c_1
  - pytables=3.5.2=py27h9f153d1_2
  - python=2.7.15=h5a48372_1011_cpython
  - python-dateutil=2.8.1=py_0
  - python_abi=2.7=1_cp27mu
  - pytz=2020.1=pyh9f0ad1d_0
  - pyutilib=5.1.3556=py27_0
  - razers3=3.5.8=hb7ba0dd_0
  - readline=8.0=he28a2e2_2
  - samtools=1.7=1
  - setuptools=44.0.0=py27_0
  - singledispatch=3.4.0.3=pyh9f0ad1d_1001
  - six=1.15.0=pyh9f0ad1d_0
  - sqlite=3.34.0=h74cdb3f_0
  - subprocess32=3.5.4=py27h516909a_0
  - tk=8.6.10=h21135ba_1
  - tornado=5.1.1=py27h14c3975_1000
  - wheel=0.36.2=pyhd3deb0d_0
  - xz=5.2.5=h516909a_1
  - zlib=1.2.11=h516909a_1010
prefix: /labs/khatrilab/solomonb/miniconda3/envs/optitype
